Comparatio numerorum.

 

Sy11.2= sym sym: synss Sy11.2= Sy11.³ Syll.‘-' = <yn-‘⁴1 Sy11.2= syn}

161 310 205 · 408 249 498 293 636 336 749
162 312 206 402 250 412 294 639 337 751
163 317 207 401 251 413 295 629 338 752
164 318 208 394 252 551 296 628 339 753
165 319 209 391 253 552 297 642 340 754
166 320 210 410 254 576 298 666 341 755
167 321 211 285 255 521 299 641 342 762
168 326 212 433 256 557 300 646 343 750
169 330 213 409 257 558 301 649 344 757

, 170 349 214 444ίὸ 258 559 302 650 345 758

171 350 215 444 Β 259 560 303 656 346 759
172 351 216 426 260 561 304 665 347 760
173 342 217 427 261 562 305 652 343 763
174 331 213 423 262 575 '306 ἦ 670 349 764
175 352 219 429 263 572 672 350 763
176 337 220 454 264 532 307 674 351 769
177 344 221 502 265 533 303 675 352 776
173 332 222 462 266 329 309 (cf. 626 2) 353 777
179 343 223 420 267 530 310 676 354 773
130 327 224 455 263 535 311 677 355 735
131 334 225 442 269 536 312 630 356 730
132 336 226 495 270 570 313 631 357 732
133 333 227 464 271 594 314 633 353 792
134 323 223 465 272 , 315 633 359 736
135 343 229 490 273} 59⁰ 316 634 360 737
136 353 230 504 274 600 317 636 361 733
137 ’ 346 231 469 275 592 313 700 362 739
133 362 232 491 276 591 319 693 363 790
139 363 233 497 277 323 320 713 364 797
190 372 234 472 273 593 321 726 365 793
191 373 235 - 279 601 322 727 366 799
192 435 236 519 230 563 323 715 367 303
193 367 237 417 231 604 324 730 363 304
194 370 233 - 232 , 325 703 369 305
195 371 239} ⁰43 283} 6⁰⁰ 326 709 370 306
196 330 240 500 234 - 327 732 371 307
197 374 241 535 235 534 323 741 372 313 A
193 336 242 536 236 606 1329 742 373 310

199 387 243 537 287 618 330 748 374 811

200 365 244 520 288 627 331 743 375 812
201 476 245 493 289 624 332 745 376 814
202 390 246 547 290 626 333 744 377 815
203 392 247 522 291 653Α Ι 334 747 378 818
204 393 248 494 292 634 335 746 379 829 Α

399

