Comparatio numerorum.

 

 

Sy11f2= Syna Sym = Syll.³ Sy11.2= Syll.3 Sym: Syll.3 Syll.2= Syll.3

818 1187 843 868 - 893 1243 918 381
819 1188 844 869 - 894 1930 919 369
890 1186 845 870 1264 895 1245 920 423
891 1199 846 871 1262 896 1246 921 -
899 1195 847 879 1999 897 1947 999 438
893 1194 848 873 1263 898 1224 923 554
824 1196 849 874 1202 899 1949 994 545
895 1191 850 875 1903 900 1950 995 556
826 - 851 876 1966 901 1951 996 695
897 1189 859 877 909 1959 997 598
898 1198 853 878 } 1²18 903 1953 998 679

829 1190 854

879 1219 904 1254 929 685

ΙΙΙΙΙΙΙΙΙΙΙΙΙΙΙΙΙΙΙΙ

830 - 855 880 1220 905 1955 930 705
831 1200 856 881 1228 906 1956 931 710
839 - 857 889 1944 907 1957 939 880 ·
833 - 858 883 1997 908 505 933 141
834 1916 859 884 1999 909 1958 934 179
835 — 860 885 (ef.11201) §w 34 935 714
836 - 861 886 1936 911 63 936 959
837 1919 869 887 1937 919 113 937 1097
838 863 888 1238 913 195 938 998

839 1206 864 1 10 889 1241 914 212 939 999
840 1209 865 890 1239 915 275 940 (efflooo)
841 - 866 1211 891 1240 916 266

842 - 867 - 892 1242 917 269 I

N.)

Lipsiae, typis Breitkopfii et Haertelii.

402

12·

