Comparatio numerorum.

 

Syu2==Syuss Syuss==Syuss syu2==8ynss Syssss==Syssss

599 1013
600 1014
601 1015
602 1016
603 1017
604 1018
605 1019
606 289
607 898
608 1020
609 724
610 723
611 7111)1
612 1021
613 1022
614 1023
615 1024
616 1025
617 1026
618 1027
619 1028
620 1029
621(cfi1000)
622 1030
623 1031
624 1033
625 1034
626 1035
627 1037
628 1038
629 1039
630 1032
631 1040
632 1041
633 1042
634 271
635 466
636 388
637 1043
638 287
639 298
640 661
641 1044
642 1045

643
644
645
646
647
648
649
650
651
652
653
654
655
656
657
658
659
660
661
662

663'

664
665
666
667
668
669
670
671
672
673
674
675
676
677
678
679
680
681
682
683
684
685
686

1046
1047
42
1048
1049
384
540
1050
885
736
1051
820
867
1052
1053
1054

450
703
718
728Ι
907
1055
1056
1058
1059
1060
1061
1062
1063
1064
1065
1066
1067
1068
1069
1070
1071

1072
1073

687 1074
688 1075
689 1076
690 1077
691(61494ῑη
699 389
693 457
694

695 } 1078
696 -
697 -
698 -
699 1079
700 1080
701 1081
709 1089
708 1083
704 1084
705 1085
706 1086
707 1087
708 1088
709 1089
710 1090
711 -
712 1091
713 -
714 -
715 1099
716 1093
{3321
718 697 L
719 772
720 1094
791 669
799 791
793 -
794 1095
795 1096
796 1098
797 1099
798 1100
799 1101

730
731
732
733
734
735
736
737
738
739
740
741
742
743
744
745
746
747
748
749
750
751
752
753
754
755
756
757
758
759
760
761
762
763
764
765
766
767
768
769
770
771
772
773

1102
1103
1104
1105
1106
1107
1108
1109
1110
1111
1112
1113
1114
1115
1116
1117
1118
1119
1120
3ᾱ

1121
1122

1123

1124
1125
1126
1127
1128
1129
1130
1131
1132
1133
1134
1135
cf.9971
1136
1137
1138
1139
1140

 

774
775
776
777
778
779
780
781
782
783
784
785
786
787
788
789
790
791
792
793
794
795
796
797
798
799
800
801
802
803
804
805
806
807
808
809
810
811
812
813
814
815
816
817

Syn2==Syuss

1141
1142
1143
1144
1145
1146
1147
1148
1149
1150
1151
1152
1153
1154
1155
204
1157
1158
1159
cf.6384
1160
1161
1162
1163
1164
1165
1166
1167
1168
’1169
1170
1171
1172
1173
1174
1175
1176
1177
1178
1179,
1199
1180
1181
1215

401

