Comparatio numerorum.

 

 

 

Sy11.2 = Sy11.³ Syll.²= Sy11.3 Sy11.2= Sy11.³ Sy11.2= Syll.³ Syll.2= 8less

380 844 A Q 906 A 467 496 511 ⁹ —— 555 977
381 844 Β 425 546 Β 468 531 512 - 953 556 375
382 845 426 647 469 - 513, 530 557 635

383 835 A 427 524 470 -—- 514 712 558 756
384 831 428 261 471 939 515 954 559 977
385 832 429 911 472 - 516 544 560 338
386 833 430 912 473 162 517 955 561 978
387 837 431 913 474 219 518 956 562 ⁷ 979
388 838 432 914 475 187 519 957 563 980
389 839 433 915 476 501 520 385 564 —-
390 840 434 916 477 940 521 717 565 981
391 842 435 918 478 121 522 958 566 982
392 841 436 919 479 355 523 578 567 983
393 (854 3) 437 920 480 941 524 959 568 984
394 853 438 —- 481 475 525 960 569 -
395 854 439 921 482 669 526 356 570 986
396 855 440 922 483 942 527 220 571 987
397 856 441 923 484 548 528 961 572 988
398 857 442 924 485 480 529 731 573 -
399 858 443 925 486 357 530 962 574 989
400 862 444 926 487 359 531 963 575 990
401 863 445 927 488 404 532 964 576 991
402 864 446 928 489 335 533 884 577 992
403 865 447 929 490 943 534 965 578 993
404 849 448 930 491 - 535 966 579 994
405 850 449 339 492 382 536 967 580 281

 

406 851 450 931 493 722 537 969 581 (cf. 995)
407 870 451 932 494 492 538 970 582 894

408 873 452 471 495 227 539 971 583 996

409 869 453 638 496 944 540 972 584 997

410 871 454 933 497 719 541 86 585 1001

411 872 455 934 498 468 542 973 586 -

412 878 456 935 499 716 543 799 587 -

413 879 457 [936 500 313 544 784 588 -

414 876 not. in.] 501 945 545 707 589 1004

415 881 458 936 502 946 546 218 590 1005 ι
416 883 459 937 503 596 547 - 591 1006

417 887 460 938 504 899 548 354 592 1007

418 888 461 360 505 947 549 974 593 1008

419 895 462 526 506 948 550 93 594 1009

420 900 463 527 507 950 551 280 595 1010

421 902 464 4 508 - 552 695 596 1011

422 904 465 533 509 951 553 589 597(61·,1000)

423 905 466 437 510 364 554 - 598 1012

400

