Comparatio numerorum.

Syll. 13 = n. 1—5343 Syll. 11³ = n. 535—9103 Syll. ΙΙΙ3 = n. 911—12683
Syll. IV3 = Indices. Corrigenda.

sy11.2=sy11.3 sy11.2=8y11.3 Sy11.2= syna Sy11.2=sy11.3 Sym = syna.

 

1 6 33 75 65 126 97 166 129 206
2 22 34 85 t 66 128 98 171 130 213
3 29 35 61 67 130 99 179 131 214
4 26 36 89 68 131 100 175 132 215
5 27 37 94 69 129 101 173 133 216
6 39 38 96 70 132 102 174 134 217
7 31 39 97 71 133 103 188 135 263
8 41 40 98 72 — 104 180 136 264
9 43 41 99 73 136 105 181 137 226
10 45 42 100 74 137 106 183 138 228
11 46 43 101 75 142 107 168 139 284
12 44 44 102 76 138 108 184 140 241
13 —- 45 103 77 135 , 109 190 141 231
14 50 46 92 78 157 110 191 142 232
15 51 47 105 79 146 111 192 143 233
16 62 48 106 80 147 112 193 144 235 Α
17 64 49 107 81 148 113 194 145 255
18 65 50 108 82 149 114 196 146 256
19 67 51 109 83 150 115 197 147 259
20 83 52 111 84 151 116 199 148 262
21 91 53 112 85 152 117 186 149-1-159 260
22 53 54 114 86 153 118 185 150 283
23 54 55 52 87 154 119 198 151 288
24 70 56 116 88 158 120 201 152 304
25 71 57 117 89 159 121 143 153 305
26 72 58 118 90 163 122 229 154 279
27 104 59 119 91 164 123 } 258 155 302
28 74 60 1193. 92 165 124 156 303
29 76 61 122 93 295 125 205 157 307
30 73 62 123 94 292 126 209 158 277
31 80 63 124 95 167 127 210 159-ὶ- 149 260
32 77 64 125 96 169 128 211 160 311

398

